100
200
74
34
23
14
55
83
45
12
61
23
88
44
82
52
21
1
23
5
56
79
32
11
49
77
76
38
25
48
98
35
41
57
89
32
14
78
96
14
75
33
96
99
74
44
12
34
84
75
95
82
12
35
12
92
42
72
5
8
26
18
72
31
79
66
49
43
46
19
18
13
13
15
1
89
19
50
78
90
72
18
9
23
48
97
66
11
19
72
38
17
93
64
75
96
11
23
65
46
98
13
56
87
38
73
68
1
68
40
81
81
9
84
06
5
3
5
7
63
8
54
35
2
18
46
97
15
16
19
18
17
18
16
15
41
18
2
62
9
28
2
74
2
7
1
8
18
1
81
81
5
15
6
1
32
1
13
21
51
51
1
1
6
5
89
7
9
5
5
4
77
7
8
54
1
1
2
2
5
45
48
7
9
98
9
7
7
8
5
4
4
45
9
97
7
8
5
33
2
1
1